EPOCH: 1 <<<<<<<<<
0.702056
1.01446
1.02565
1.23147
1.46797
1.72816
1.85133
1.84505
2.02506
1.94541
2.07406
2.07412
1.88797
2.14496
2.14322
2.01624
2.12255
1.96751
1.93976
1.88328
1.8527
1.95162
1.81258
1.68994
1.7425
1.62376
1.82299
1.60598
1.57459
1.70534
1.83094
EPOCH: 2 <<<<<<<<<
1.64192
1.54296
1.43724
1.75283
1.41026
1.47207
1.44397
1.53561
1.55553
1.47592
1.3281
1.30778
1.66341
1.1765
1.44316
1.29288
1.19536
1.24081
1.3339
1.32554
1.15111
1.07198
1.18252
1.23499
0.988721
1.31496
1.20847
0.981589
1.08081
0.955833
0.644336
EPOCH: 3 <<<<<<<<<
0.886899
0.98982
0.914009
1.04106
0.840306
0.99112
0.841276
0.837772
0.814301
1.09253
0.936256
0.898692
0.759731
1.01833
0.870731
0.80491
0.862995
0.71717
0.752089
0.695822
0.735872
0.697699
0.673958
0.674058
0.694132
0.763884
0.566191
0.754055
0.713039
0.780979
0.741725
EPOCH: 4 <<<<<<<<<
0.611936
0.677338
0.667814
0.55931
0.623978
0.565944
0.621337
0.604325
0.6521
0.481539
0.6121
0.625046
0.561662
0.664946
0.437385
0.723185
0.537477
0.707856
0.587269
0.536817
0.597916
0.58254
0.400263
0.708908
0.570562
0.512338
0.501402
0.464707
0.610434
0.471587
0.431658
EPOCH: 5 <<<<<<<<<
0.632586
0.469843
0.434956
0.448927
0.51709
0.514786
0.555478
0.467063
0.519467
0.514271
0.450443
0.552287
0.413908
0.509717
0.376717
0.631153
0.322395
0.37252
0.387543
0.411954
0.303206
0.538105
0.313236
0.3974
0.446911
0.367551
0.461446
0.465842
0.407778
0.443667
0.389434
EPOCH: 6 <<<<<<<<<
0.291772
0.306039
0.402706
0.362336
0.469544
0.345145
0.43539
0.43844
0.446582
0.349087
0.331542
0.322698
0.257758
0.42993
0.341896
0.443184
0.390309
0.342624
0.359763
0.264533
0.388006
0.363447
0.442094
0.391347
0.36218
0.335525
0.451185
0.376726
0.35064
0.388964
0.599151
EPOCH: 7 <<<<<<<<<
0.266633
0.308232
0.300416
0.396652
0.253938
0.364321
0.290267
0.302663
0.287484
0.386275
0.333675
0.298913
0.307965
0.322077
0.244607
0.358425
0.418662
0.311293
0.327467
0.37386
0.351133
0.31099
0.346457
0.50491
0.284363
0.321097
0.332718
0.316659
0.332225
0.266506
0.115438
EPOCH: 8 <<<<<<<<<
0.245505
0.329293
0.245429
0.224127
0.325965
0.196869
0.359791
0.276612
0.383191
0.368896
0.414526
0.235724
0.315952
0.246065
0.328887
0.285668
0.354917
0.23546
0.196256
0.346294
0.275534
0.299933
0.231233
0.231363
0.254657
0.340823
0.271853
0.284397
0.2601
0.225061
0.381151
EPOCH: 9 <<<<<<<<<
0.216129
0.326312
0.297049
0.292307
0.283985
0.236449
0.268289
0.234509
0.313069
0.211011
0.333992
0.387039
0.201005
0.255718
0.240081
0.26942
0.329674
0.183225
0.169104
0.226473
0.181576
0.298077
0.218326
0.217323
0.298993
0.311034
0.235529
0.294375
0.341939
0.230506
0.121276
EPOCH: 10 <<<<<<<<<
0.235306
0.286041
0.209467
0.20855
0.349078
0.246973
0.351228
0.145098
0.283797
0.221869
0.243327
0.299738
0.206478
0.380532
0.17462
0.175718
0.159206
0.167073
0.227305
0.267818
0.257328
0.244565
0.223359
0.198229
0.241903
0.15181
0.201515
0.263814
0.178028
0.255542
0.231761
EPOCH: 11 <<<<<<<<<
0.275471
0.187448
0.266259
0.180773
0.229237
0.187365
0.232216
0.244244
0.157781
0.266585
0.162728
0.207315
0.237793
0.189502
0.259193
0.253192
0.257231
0.261312
0.193817
0.212726
0.180509
0.178809
0.142901
0.197738
0.243584
0.237135
0.279799
0.188709
0.150451
0.239033
0.180337
EPOCH: 12 <<<<<<<<<
0.136338
0.200068
0.18687
0.312463
0.17483
0.318088
0.290938
0.114951
0.239792
0.247738
0.181208
0.190294
0.179587
0.180101
0.156891
0.267619
0.290764
0.198378
0.179749
0.182305
0.191047
0.177672
0.218036
0.18957
0.175302
0.142088
0.145377
0.141357
0.216728
0.262656
0.198186
EPOCH: 13 <<<<<<<<<
0.172617
0.252044
0.167144
0.275908
0.154851
0.173568
0.107615
0.143093
0.180895
0.139156
0.172251
0.226179
0.131535
0.268664
0.145621
0.168666
0.148015
0.240052
0.23412
0.16902
0.266409
0.12528
0.171923
0.178493
0.187198
0.210539
0.221191
0.212003
0.156044
0.217243
0.203627
EPOCH: 14 <<<<<<<<<
0.215206
0.161593
0.173975
0.241114
0.135156
0.177242
0.193706
0.22347
0.144305
0.24888
0.173484
0.222229
0.118015
0.173029
0.156292
0.133986
0.174295
0.171574
0.145611
0.121061
0.233327
0.0993976
0.211234
0.317331
0.15855
0.12868
0.0977239
0.183441
0.15377
0.160856
0.0822905
EPOCH: 15 <<<<<<<<<
0.172053
0.190603
0.133018
0.155681
0.118385
0.0832461
0.156353
0.251128
0.151822
0.209286
0.146637
0.247165
0.170722
0.133929
0.203975
0.133729
0.118591
0.143524
0.127011
0.228743
0.145201
0.142377
0.154763
0.142892
0.153977
0.273777
0.151401
0.165852
0.111952
0.112203
0.289126
EPOCH: 16 <<<<<<<<<
0.118852
0.132309
0.16522
0.141316
0.144584
0.143569
0.193626
0.146804
0.104183
0.266373
0.170642
0.168416
0.144284
0.127811
0.136955
0.151644
0.182176
0.204032
0.169817
0.361092
0.123298
0.0957449
0.171325
0.167395
0.125391
0.153696
0.200892
0.184045
0.171901
0.142366
0.111254
EPOCH: 17 <<<<<<<<<
0.137769
0.199701
0.157475
0.148916
0.16605
0.188798
0.223598
0.108073
0.142249
0.236725
0.152827
0.165418
0.23571
0.128118
0.186146
0.137157
0.173078
0.212534
0.173555
0.0933243
0.0777515
0.130497
0.148023
0.198781
0.130276
0.234962
0.098536
0.117468
0.194607
0.14797
0.276589
EPOCH: 18 <<<<<<<<<
0.125048
0.165551
0.124986
0.162241
0.147386
0.103057
0.150636
0.142868
0.191435
0.227547
0.175671
0.131272
0.139736
0.132083
0.125811
0.114684
0.100698
0.206015
0.172014
0.139595
0.277901
0.329564
0.194474
0.169809
0.147847
0.123873
0.0940259
0.137645
0.145902
0.204561
0.105889
EPOCH: 19 <<<<<<<<<
0.19421
0.167743
0.23056
0.138374
0.124912
0.129462
0.159038
0.114132
0.19272
0.207072
0.1549
0.15284
0.110968
0.175331
0.166686
0.183378
0.146621
0.220364
0.102627
0.0994818
0.141712
0.133282
0.143136
0.125952
0.195737
0.244634
0.267383
0.121064
0.128845
0.16996
0.0839942
EPOCH: 20 <<<<<<<<<
0.150275
0.107641
0.164229
0.189641
0.0921212
0.160678
0.111028
0.165405
0.152471
0.17755
0.13794
0.254654
0.179682
0.217028
0.183514
0.218083
0.149018
0.132022
0.162966
0.251489
0.0988282
0.171585
0.116539
0.11985
0.146063
0.207454
0.181835
0.0929419
0.129007
0.159863
0.0546652
EPOCH: 21 <<<<<<<<<
0.168993
0.262732
0.146208
0.230797
0.135254
0.167068
0.137004
0.138398
0.14225
0.10125
0.114441
0.164246
0.143027
0.201833
0.230849
0.159203
0.162657
0.149895
0.130139
0.157809
0.183078
0.20309
0.0946722
0.109699
0.164341
0.160287
0.131628
0.174792
0.125201
0.155505
0.0453284
EPOCH: 22 <<<<<<<<<
0.127014
0.119567
0.146917
0.215761
0.186952
0.0814866
0.117543
0.198597
0.144095
0.147588
0.164296
0.0888112
0.160734
0.211898
0.172489
0.138417
0.206478
0.163136
0.11789
0.158577
0.152505
0.109918
0.137568
0.12283
0.13321
0.139719
0.12257
0.14985
0.262109
0.294574
0.210766
EPOCH: 23 <<<<<<<<<
0.158141
0.110853
0.111045
0.157169
0.165009
0.147528
0.112837
0.11793
0.246246
0.269912
0.142531
0.0692369
0.228136
0.170534
0.181779
0.15967
0.105862
0.108236
0.234163
0.147364
0.226922
0.177008
0.172699
0.15747
0.160264
0.172655
0.108371
0.0873178
0.187566
0.126943
0.140034
EPOCH: 24 <<<<<<<<<
0.12356
0.165192
0.24925
0.109261
0.207053
0.231506
0.131436
0.114562
0.115943
0.104672
0.123747
0.136458
0.1586
0.118421
0.130054
0.165109
0.1478
0.237682
0.162513
0.140043
0.0904346
0.121232
0.148528
0.154431
0.118994
0.143042
0.26568
0.141878
0.198735
0.188809
0.162029
EPOCH: 25 <<<<<<<<<
0.111546
0.100265
0.133844
0.101687
0.182801
0.165744
0.112439
0.157662
0.169003
0.119127
0.173242
0.294696
0.113554
0.0831671
0.106214
0.205149
0.153132
0.194705
0.182283
0.100046
0.27871
0.126534
0.137054
0.123985
0.22008
0.132736
0.215586
0.146835
0.148292
0.139769
0.164487
EPOCH: 26 <<<<<<<<<
0.0988421
0.128863
0.146895
0.0947138
0.117241
0.304936
0.178124
0.124235
0.168991
0.161371
0.178413
0.202004
0.21826
0.119468
0.13335
0.129812
0.145983
0.190113
0.123698
0.166253
0.158744
0.16407
0.150361
0.142868
0.144779
0.117126
0.0962001
0.171564
0.183764
0.161164
0.175084
EPOCH: 27 <<<<<<<<<
0.0980598
0.170077
0.162875
0.159786
0.106594
0.189972
0.0678753
0.134821
0.0965739
0.0982684
0.173499
0.0799756
0.217514
0.188847
0.167191
0.164195
0.240944
0.147156
0.137644
0.140404
0.164071
0.114409
0.241479
0.147756
0.139725
0.111461
0.226285
0.157602
0.14505
0.178465
0.103782
EPOCH: 28 <<<<<<<<<
0.129031
0.178731
0.120754
0.171444
0.150585
0.1877
0.115224
0.161124
0.143432
0.191228
0.147814
0.133906
0.113788
0.0993451
0.156742
0.104674
0.11617
0.10781
0.143392
0.144228
0.149233
0.124498
0.135444
0.084416
0.217092
0.283046
0.214458
0.205576
0.155189
0.152076
0.0913238
EPOCH: 29 <<<<<<<<<
0.163741
0.139713
0.177056
0.133076
0.18338
0.235256
0.133505
0.141905
0.299412
0.191148
0.149979
0.173292
0.13387
0.182936
0.0910248
0.100198
0.151398
0.142369
0.124142
0.119325
0.119055
0.142922
0.137363
0.167056
0.163291
0.110619
0.126289
0.106548
0.107936
0.211979
0.143415
EPOCH: 30 <<<<<<<<<
0.139987
0.0955818
0.111754
0.0911478
0.16132
0.121478
0.156079
0.148145
0.143618
0.124656
0.162234
0.109639
0.210092
0.183597
0.133202
0.150838
0.238563
0.202658
0.120377
0.16774
0.141545
0.219291
0.130182
0.1011
0.147757
0.115915
0.128129
0.28842
0.124364
0.161246
0.0874434
EPOCH: 31 <<<<<<<<<
0.0983347
0.147795
0.114396
0.0965039
0.149769
0.191051
0.192713
0.0993931
0.207052
0.140407
0.14001
0.162371
0.122983
0.151236
0.161122
0.170664
0.188552
0.172747
0.217003
0.128307
0.110589
0.176119
0.137981
0.163536
0.154806
0.151413
0.126197
0.148844
0.154513
0.13313
0.116131
EPOCH: 32 <<<<<<<<<
0.084934
0.149212
0.123045
0.121043
0.104057
0.17819
0.114655
0.138603
0.103649
0.213473
0.174862
0.150615
0.119392
0.0758654
0.141084
0.124075
0.158091
0.16718
0.177683
0.19422
0.157125
0.173307
0.127855
0.212927
0.14994
0.092649
0.277658
0.0946075
0.197283
0.186434
0.218166
EPOCH: 33 <<<<<<<<<
0.158772
0.255604
0.132123
0.12285
0.141103
0.161677
0.143885
0.205766
0.145488
0.17568
0.137972
0.137204
0.165942
0.116617
0.135192
0.148156
0.0945068
0.176267
0.157674
0.171511
0.168061
0.120668
0.126696
0.128277
0.193587
0.214762
0.111945
0.108864
0.105441
0.157967
0.0452616
EPOCH: 34 <<<<<<<<<
0.0975009
0.192322
0.136832
0.126073
0.19144
0.163322
0.202431
0.103601
0.106689
0.159624
0.123551
0.140795
0.0785
0.232353
0.0892071
0.141204
0.113565
0.117666
0.210154
0.0771434
0.259286
0.166102
0.141692
0.161822
0.0973051
0.157039
0.0946858
0.159249
0.172918
0.20026
0.543192
EPOCH: 35 <<<<<<<<<
0.198211
0.231443
0.0847381
0.113848
0.0956559
0.140037
0.181765
0.0990051
0.129342
0.101806
0.108656
0.167644
0.101598
0.165363
0.194612
0.167327
0.161411
0.208301
0.129597
0.235079
0.112041
0.124622
0.106868
0.171222
0.197878
0.130608
0.133469
0.171574
0.148679
0.208499
0.0538829
EPOCH: 36 <<<<<<<<<
0.108412
0.105801
0.15426
0.198709
0.135974
0.0724745
0.104994
0.0590708
0.136696
0.136957
0.181748
0.136073
0.101681
0.134825
0.200637
0.141413
0.129638
0.163202
0.14088
0.162701
0.232995
0.207702
0.148205
0.178368
0.156712
0.143631
0.149951
0.120377
0.311086
0.138824
0.141354
EPOCH: 37 <<<<<<<<<
0.13924
0.156479
0.10462
0.130184
0.139015
0.193899
0.170685
0.238209
0.189879
0.108384
0.129916
0.227322
0.143399
0.135375
0.125238
0.161906
0.0919538
0.183519
0.183583
0.113044
0.127733
0.192866
0.142167
0.14598
0.0834937
0.116815
0.129394
0.137202
0.210174
0.138605
0.073891
EPOCH: 38 <<<<<<<<<
0.116157
0.113672
0.0939598
0.101376
0.112761
0.154069
0.185863
0.197383
0.196765
0.17359
0.209939
0.175735
0.129172
0.115572
0.194782
0.209305
0.160734
0.16146
0.09127
0.12509
0.10618
0.284811
0.15868
0.101179
0.117901
0.146946
0.125803
0.124926
0.162903
0.139471
0.138017
EPOCH: 39 <<<<<<<<<
0.182309
0.0947896
0.201205
0.16039
0.161308
0.148847
0.133533
0.15377
0.139642
0.192147
0.108768
0.130446
0.0965001
0.112639
0.176199
0.0884869
0.107685
0.176767
0.135972
0.222745
0.157417
0.0985947
0.231143
0.186497
0.0764286
0.223018
0.101485
0.0670391
0.187713
0.232473
0.126534
EPOCH: 40 <<<<<<<<<
0.147351
0.186086
0.157517
0.178356
0.121221
0.0953064
0.0995131
0.0978387
0.203516
0.12483
0.169557
0.141636
0.132991
0.12637
0.0937893
0.250814
0.165164
0.194288
0.0926124
0.223134
0.216287
0.116957
0.137711
0.208168
0.162045
0.149053
0.0837943
0.150507
0.116362
0.150088
0.0927936
EPOCH: 41 <<<<<<<<<
0.202207
0.0917979
0.113863
0.237222
0.0948822
0.185779
0.0566068
0.170018
0.192256
0.105642
0.239785
0.22471
0.139495
0.146886
0.096154
0.100554
0.177711
0.091524
0.118418
0.0955625
0.160607
0.114405
0.114874
0.209521
0.129471
0.185448
0.243201
0.163386
0.105005
0.177622
0.0745737
EPOCH: 42 <<<<<<<<<
0.0955282
0.229585
0.139758
0.196379
0.159165
0.149507
0.0872631
0.0888681
0.110051
0.189898
0.142994
0.127556
0.164187
0.120644
0.168954
0.109969
0.12368
0.143755
0.128498
0.0983697
0.163833
0.131669
0.0896506
0.185136
0.14684
0.180892
0.179466
0.141825
0.145417
0.24836
0.578979
EPOCH: 43 <<<<<<<<<
0.170194
0.0883527
0.122086
0.12282
0.12023
0.128764
0.146111
0.114192
0.146435
0.112605
0.130623
0.143024
0.112655
0.1376
0.237837
0.19891
0.105049
0.219236
0.152207
0.1856
0.227517
0.111924
0.102678
0.181561
0.147465
0.192071
0.211258
0.182189
0.128413
0.101683
0.11421
EPOCH: 44 <<<<<<<<<
0.135717
0.169217
0.100463
0.107039
0.143332
0.154914
0.102412
0.140103
0.141312
0.12413
0.182962
0.132029
0.100887
0.230434
0.194322
0.120841
0.249442
0.128539
0.125084
0.180558
0.135159
0.163649
0.103722
0.147876
0.160902
0.172679
0.158471
0.126167
0.188696
0.132717
0.219967
EPOCH: 45 <<<<<<<<<
0.264241
0.200207
0.171085
0.143314
0.224266
0.117447
0.068996
0.226547
0.084581
0.139721
0.150926
0.122132
0.112958
0.153238
0.121445
0.12605
0.179852
0.118784
0.22426
0.150907
0.126332
0.138377
0.200959
0.130202
0.128403
0.116361
0.104158
0.131157
0.203817
0.0983087
0.074725
EPOCH: 46 <<<<<<<<<
0.155564
0.141849
0.133146
0.13722
0.132107
0.247963
0.11842
0.149777
0.119293
0.111069
0.172209
0.158429
0.126951
0.101282
0.114816
0.149058
0.116168
0.223596
0.12992
0.110398
0.132216
0.175558
0.237541
0.179475
0.146703
0.173117
0.15588
0.0930135
0.172496
0.112524
0.294117
EPOCH: 47 <<<<<<<<<
0.168214
0.2446
0.132218
0.104867
0.125486
0.139731
0.152685
0.196
0.0950568
0.29161
0.113532
0.106907
0.111851
0.121229
0.155983
0.132228
0.234982
0.103297
0.153016
0.149233
0.119944
0.174825
0.183746
0.0992731
0.19028
0.0865062
0.156923
0.119524
0.172488
0.153471
0.0293905
EPOCH: 48 <<<<<<<<<
0.17786
0.153695
0.150045
0.179502
0.144843
0.158128
0.172662
0.159829
0.127515
0.108315
0.161878
0.0985531
0.145338
0.105318
0.177292
0.111946
0.14276
0.140085
0.105526
0.112902
0.159234
0.100265
0.280851
0.15756
0.198346
0.242099
0.103674
0.132297
0.168907
0.0825621
0.171093
EPOCH: 49 <<<<<<<<<
0.0887787
0.112092
0.153853
0.233842
0.166962
0.0838906
0.129735
0.177607
0.120348
0.135501
0.136335
0.132031
0.156078
0.198263
0.113581
0.115758
0.118021
0.179456
0.126015
0.167695
0.1139
0.232744
0.108188
0.13276
0.174288
0.128098
0.150743
0.186775
0.166128
0.219727
0.174461
EPOCH: 50 <<<<<<<<<
0.0895798
0.331729
0.094795
0.130339
0.164287
0.12143
0.164713
0.132464
0.100348
0.169963
0.196641
0.1428
0.109719
0.122145
0.15592
0.135381
0.149041
0.112325
0.153683
0.118168
0.0846737
0.104639
0.22538
0.172365
0.182052
0.181232
0.195924
0.175867
0.148056
0.0949043
0.168058
